 3.2421   5.3077   4.4111   3.3782
 2.3225   7.1117   3.1272   3.3789
 2.3214   4.1655   4.4632   3.8337
 2.9870   5.2096   3.7559   3.5666
 3.1667   3.5147   4.1339   2.7163
 3.8769   5.3889   5.3543   4.0106
 2.2436   7.3405   3.4046   3.1861
 2.3583   4.7000   5.0906   2.9606
 1.8874   6.8293   2.7999   2.9801
 1.9311   5.8400   3.3516   3.7652
 4.1704   5.3914   3.7475   2.9101
 2.1045   4.6495   2.8961   3.4346
 1.5961   4.1388   3.3750   2.8379
 4.9133   5.7656   4.9047   2.1331
 2.1111   2.3519   4.0892   2.9957
 2.4610   6.0323   5.1901   3.4716
 2.2500   5.0490   3.9599   2.9319
 4.6850   5.4545   4.2314   3.0172
 2.8257   3.4446   4.3258   2.1007
 2.8894   7.5835   2.3705   2.5980
 4.1608   4.7761   3.6395   3.5358
 3.0044   5.5754   2.4212   1.6915
 2.0285   4.6847   3.7304   2.3329
 3.6345   4.7965   4.5634   3.1197
 3.9804   4.7991   3.1323   2.6938
 5.3353   6.4012   5.4079   3.9161
 3.0740   6.2205   3.1458   2.9700
 3.5002   5.7264   3.5563   2.8337
 3.7742   4.8920   3.6684   3.7507
 2.1563   5.5298   4.6207   2.3153
 2.8504   4.7495   3.0775   3.9945
 2.8086   6.2514   4.7546   3.7919
 1.6738   3.4662   2.7374   3.1795
 4.6368   4.7223   3.9194   2.8488
 1.5790   2.8769   2.6956   1.6149
 2.9515   4.9254   3.8745   3.9598
 3.1322   5.8312   4.0716   1.6960
 4.5810   4.6241   4.2673   2.0716
 3.2550   5.9858   3.6908   3.6976
 1.0121   6.7701   3.8853   3.6369
 4.4671   4.9603   5.9852   4.6894
 3.1554   5.2600   3.1717   1.6533
 3.7459   3.2645   4.9282   3.7732
 3.5577   4.5208   4.7906   3.7785
 2.6661   5.0827   3.4017   2.8859
 2.4873   4.1394   4.6930   2.9145
 2.9766   3.6415   2.9799   0.9065
 2.1708   7.0459   4.1593   4.0806
 1.8739   4.8189   4.8526   2.4795
 2.6178   4.1271   5.6356   3.1006
 3.0730   6.4617   3.8530   2.4257
 2.5132   4.0087   3.2103   0.2505
 3.3448   6.9109   4.7275   4.0541
 4.7938   3.5936   4.6448   1.9971
 2.4149   5.8712   4.6831   2.6352
 2.7692   3.6954   4.6105   3.9789
 4.6029   6.0483   5.3972   3.7446
 2.9032   4.8825   3.8580   3.1672
 3.1625   3.7505   3.6474   2.7276
 2.6440   5.8259   3.8910   2.7057
 2.7310   2.9519   2.4696   2.0295
 4.2515   7.9447   5.3447   4.2052
 3.4471   4.4441   3.9105   3.2671
 2.0191   5.7508   4.3795   2.5565
 3.6746   5.6320   3.9565   3.4610
 3.2551   3.8348   3.3817   1.5386
 2.0128   5.6050   3.1985   2.0505
 2.4909   4.2253   2.0918   2.3010
 2.4385   6.9641   3.1389   3.4673
 2.1234   3.2714   2.5644   1.3350
 4.2487   4.6004   5.0158   3.3837
 2.0879   3.8883   3.4840   2.4649
 2.5208   5.2666   3.6289   2.7741
 3.0958   3.5039   3.7416   1.4646
 3.8957   4.1073   4.0577   3.5399
 4.4874   4.7613   6.5629   4.1063
 2.5099   2.6312   2.8738   2.6436
 2.8921   5.5519   4.3079   3.7284
 4.9766   6.1893   4.7518   4.3065
 4.1481   5.5605   4.9194   3.2346
 2.2321   6.2775   4.0997   2.0808
 3.5202   5.9077   2.0421   2.0965
 3.1080   4.0152   3.9148   3.0409
 2.8089   4.9611   3.0952   3.3615
 3.8716   4.8611   4.5142   2.8089
 3.8970   3.9200   5.3446   2.7780
 2.9330   3.7529   3.0001   1.5640
 4.2897   6.6527   3.6142   2.7581
 3.9786   4.2615   3.8206   3.0784
 3.3423   5.6762   4.4415   3.2718
 3.1831   5.3705   5.0216   4.1926
 2.4558   6.2181   4.0023   3.7360
 3.7906   5.9404   5.0117   2.6362
 4.3863   4.5652   4.4910   3.3693
 3.6135   3.9273   2.8160   2.6525
 3.2848   3.2431   4.9659   2.3694
 1.3149   3.8155   4.1190   2.2785
 2.7254   5.0486   4.0204   3.1721
 1.9782   5.7773   3.0149   3.2410
 3.3791   4.9013   4.3077   3.1508
 3.8321   5.7155   4.0189   4.4406
 2.7150   7.0234   4.7385   3.8803
 2.7465   3.4078   4.2349   3.1544
 3.7830   4.3122   4.0112   2.7732
 3.1691   5.2081   2.7917   3.2483
 3.1344   5.8468   4.5437   4.3403
 3.3828   5.6112   5.2645   2.4640
 3.3061   5.3864   4.1699   2.6514
 2.3434   4.9343   3.9702   3.8059
 1.9289   6.9562   3.9166   4.1391
 3.5593   5.6068   3.3831   1.8463
 3.1446   5.5262   4.5937   3.0607
 3.0254   2.8385   3.9899   1.0995
 2.4685   7.7971   4.4295   4.4994
 4.3860   4.8571   4.6782   2.9739
 2.9531   2.1322   3.7979   1.9128
 2.8562   6.0894   3.2054   2.8187
 2.5050   5.4179   4.9342   4.8344
 1.3179   5.5233   3.1282   3.7956
 4.3821   2.5918   5.2353   3.8024
 2.4896   6.1768   3.4744   2.4255
 4.3082   4.7170   5.9215   3.6546
 4.0129   4.5258   4.5202   3.3547
 2.7257   6.5189   4.3935   4.5897
 3.7942   6.6770   3.9677   2.9827
 3.1596   6.2381   5.0224   3.2655
 2.3072   4.3301   3.2524   2.0200
 2.5260   5.4714   4.5152   2.2066
 3.6519   4.9802   3.0485   3.2918
 3.3021   3.9496   4.9051   3.3474
 2.6657   4.9853   2.3128   0.9951
 3.2196   2.2970   4.7858   2.8032
 2.8605   5.2323   3.2858   2.2873
 3.4352   5.2158   4.2020   2.3168
 3.7035   5.1840   4.8172   3.6984
 1.9563   5.7544   2.2056   3.6633
 4.4043   4.1131   5.0651   4.1108
 3.5520   5.2202   3.8449   2.2949
 2.2378   2.7727   2.7994   2.1340
 3.7025   5.1752   3.7586   3.1032
 2.8860   5.3559   4.2738   3.4446
 2.2878   6.8255   2.5587   2.0948
 3.2646   2.3618   4.7429   2.9570
 3.9577   5.2985   4.7651   3.9398
 4.0775   6.2121   4.6163   3.5381
 4.5331   7.9735   5.2229   5.2649
 2.6751   5.7113   2.9325   2.8810
 3.3445   2.9360   3.9376   1.8196
 1.7528   5.1897   3.2565   2.2874
 2.7070   4.3278   2.5659   1.4390
 3.3625   3.8548   2.9114   2.7431
 4.9299   6.2017   4.9277   4.1049
 1.8977   2.6985   3.0990   1.2790
 1.6998   6.1972   3.9845   2.9490
 3.4523   4.4641   3.5020   2.9887
 1.6828   5.1971   3.7173   2.3393
 1.4793   4.6795   2.4413   2.5229
 3.2684   4.7450   5.4664   4.0416
 3.2077   4.0014   2.3899   1.9491
 4.4749   4.7648   3.8364   3.7250
 3.2230   5.8347   5.0106   3.8742
 3.4538   4.3887   5.0122   3.1089
 3.9078   5.5527   4.1308   4.7115
 3.3083   5.8543   5.0962   4.1896
 4.0845   3.6797   4.2336   3.2500
 3.9220   4.6046   6.2551   4.5844
 3.3139   4.3208   4.3331   3.8848
 4.9733   5.6992   5.4680   4.6890
 4.1693   6.8687   3.6308   2.0574
 2.1495   4.3647   2.8136   2.9050
 2.8850   5.8851   3.5119   2.6013
 2.6586   3.1640   4.4118   2.4004
 1.3838   4.9821   2.1454   1.8697
 2.4899   5.4677   3.3196   1.2649
 3.2447   5.2961   5.0690   4.1435
 4.2164   4.5798   5.0250   2.5289
 4.9055   5.0091   3.9077   3.7714
 3.1961   6.1899   4.1430   3.5349
 2.2345   7.0013   3.3812   5.6022
 3.0574   5.6767   4.7673   4.0688
 0.6838   3.6641   3.7783   2.3836
 3.2203   3.4583   3.2178   1.6570
 2.4522   4.9781   3.5249   2.8917
 4.1421   5.8522   5.7671   3.7631
 3.7314   5.6135   4.0877   3.2230
 1.1453   3.6149   3.4212   2.7689
 3.2098   5.6710   3.4134   2.2975
 3.6464   3.3587   5.1521   2.9400
 2.4202   6.3773   4.5590   2.5357
 2.5536   3.1880   3.1985   1.7327
 3.5776   5.6603   3.0556   3.0149
 1.2207   6.6465   3.8361   4.6149
 4.0214   4.1384   4.9726   2.9747
 4.5710   8.1343   3.7379   4.3144
 2.4628   3.7635   2.6249   1.1175
 2.3724   4.2073   3.5309   2.3844
 2.7535   4.4256   3.8125   1.8654
 1.9446   3.9468   3.1686   2.0891
 2.3818   3.3369   3.5397   2.3566
 2.0121   5.4278   3.1778   2.0734
 2.6492   5.1604   4.2730   2.8752
 4.2299   4.5188   4.7484   3.1249
 2.2639   3.3644   3.2867   1.7928
 3.0044   3.4883   2.7419   2.1866
 3.4948   6.5281   4.3519   3.3423
 1.8644   1.5661   3.5537   1.5525
 3.8987   6.7053   5.6863   3.3118
 2.1031   2.9970   3.8915   1.6815
 2.5047   5.3070   3.2105   2.6253
 3.2705   4.6409   5.4207   3.4410
 2.4290   5.0811   3.8590   3.4133
 2.3087   5.4644   3.3981   2.4811
 1.6179   6.6046   3.7580   2.7795
 3.1651   4.8774   4.4786   3.3902
 1.7416   5.6622   3.3807   3.2172
 3.3805   3.7216   4.1225   2.0455
 1.8109   5.6131   5.0836   3.2521
 1.9506   3.9838   2.1451   1.9474
 1.7495   4.1013   2.9748   2.2475
 4.0033   3.7659   3.0869   1.9202
 1.8512   3.9197   2.7695   2.6117
 4.3845   2.6926   3.7183   2.6713
 3.9735   4.5024   5.1936   3.6706
 2.3670   1.2452   1.9738   1.8494
 3.9879   6.4048   4.7435   3.7957
 2.6575   5.9545   4.8235   3.1081
 3.6374   3.6330   3.7622   1.3960
 1.8350   4.5613   2.6748   1.9462
 3.7283   7.9108   2.8959   3.2404
 2.7633   5.4021   4.4964   3.4803
 4.5162   4.5858   4.9115   2.9421
 3.1815   3.0789   3.9368   2.6706
 3.5309   3.8704   4.8941   3.4256
 1.7129   6.1548   3.4503   3.4616
 2.5715   4.8096   3.9399   2.4952
 3.0782   3.5820   3.6621   2.8508
 3.6181   3.8693   4.3412   3.3573
 4.1351   5.3309   3.8623   2.6141
 6.1002   3.5116   5.9157   4.3330
 1.1925   4.3550   3.1579   3.6948
 2.1076   5.1345   4.1739   3.7866
 3.7883   6.7518   5.5450   3.8490
 5.1746   6.3260   6.6981   4.0004
 3.1799   5.3149   4.5102   2.6745
 3.3316   4.6616   4.0791   3.5397
 2.9119   3.6720   2.8434   1.8120
 3.9873   2.2832   3.4258   0.8050
 2.5413   5.1423   4.5596   3.4764
 3.3374   3.7768   3.1913   1.5717
 3.1348   5.6817   4.5779   2.8000
 1.3051   5.3015   3.5741   4.0148
 3.4758   6.1720   3.5424   3.4723
 4.0650   3.7791   3.6845   3.0746
 3.8308   7.2708   4.5765   3.8122
 1.7109   3.8448   3.8350   3.4061
 1.5066   3.8210   3.0135   1.9285
 5.3589   6.7523   5.0677   4.3986
 4.0016   3.9211   4.4645   2.3190
 1.7066   6.1535   3.9958   3.3838
 3.3002   5.0718   2.8265   2.5115
 1.9245   5.3660   4.4024   3.1775
 2.1104   5.2092   4.3257   2.8174
 3.7347   2.7914   3.1273   0.8513
 1.7888   6.1607   3.3574   3.0959
 2.9428   5.8057   4.0675   4.0957
 3.5635   5.5562   5.9880   4.3790
 3.7693   5.7565   4.4764   3.3439
 2.6293   5.9601   3.5498   2.6350
 3.5210   6.1132   4.3195   4.2711
 3.5226   2.5098   4.1237   1.4805
 3.4301   3.6842   3.7286   1.1498
 5.0803   2.4667   4.7955   2.8322
 3.7553   5.7153   6.0137   4.5374
 3.3609   4.3614   4.3212   2.7183
 1.9708   4.6569   4.4599   2.6009
 3.1211   4.6686   4.7553   4.2781
 2.0095   2.7965   3.2866   1.0442
 3.4228   4.7919   4.9149   4.1698
 2.5147   6.1955   4.1912   4.2607
 2.7624   4.3383   4.8251   3.1572
 4.5242   6.9921   4.8136   2.5339
 2.0459   3.0087   4.2964   1.6926
 3.0768   5.5679   3.3595   2.7160
 2.6066   5.4128   3.9709   2.8972
 1.6441   6.0141   2.1001   1.0801
 4.5405   5.9072   3.3531   3.5568
 3.2778   5.1720   3.6587   2.4110
 3.9208   5.1769   5.6362   3.4903
 2.3078   4.6815   4.3626   3.1193
 3.6308   4.6066   3.4905   1.8914
 3.1501   6.5691   4.6330   3.6693
 2.0591   5.6191   3.6951   3.0042
 3.6629   4.5466   4.5977   2.9344
 1.9355   6.5769   3.5581   3.8285
 2.8976   3.8688   3.6777   1.9740
 1.4274   3.2992   2.0825   1.7010
 2.7904   3.9964   2.9443   1.3427
 3.2325   5.3472   4.2701   3.2364
 2.9402   6.5342   5.0167   4.2917
 2.5747   3.2500   2.7988   2.0339
 1.6171   2.8538   3.3105   2.1767
 3.8835   4.8342   4.6744   3.8772
 2.4149   5.6412   3.4638   2.2628
 4.1341   5.4822   4.1348   3.7240
 2.5676   6.3476   3.4397   2.2248
 2.0334   5.4332   2.0437   2.4293
 3.7352   5.3057   5.7294   3.7620
 3.0233   5.5393   4.9158   3.4807
 2.7720   2.9319   4.6080   3.3703
 2.2408   5.6683   2.4208   3.2206
 2.1544   4.0443   2.6598   3.1127
 3.9925   6.0638   4.5284   3.8252
 3.1402   6.3683   4.8143   3.3962
 2.9871   5.4562   4.3970   3.5243
 2.2307   4.8901   4.1645   2.2949
 3.3804   4.4596   2.9211   1.6135
 3.7046   5.8163   4.9753   3.6523
 2.4626   5.3019   3.1612   3.4668
 2.6206   4.1310   3.8423   2.7897
 5.5475   6.9322   6.8535   5.8558
 3.9362   4.4518   3.5715   1.8480
 3.0249   4.3043   3.8300   2.7200
 3.6095   5.0851   5.6838   4.0694
 3.0404   7.3696   3.4782   4.6674
 2.7662   3.7096   3.9087   2.8794
 3.0236   5.0408   3.7313   2.3416
 1.4746   2.9511   1.0717 -.310077
 3.8083   4.8729   4.4302   2.6697
 1.9861   4.0983   3.8385   2.7880
 4.2509   5.1972   5.0425   3.3979
 3.3616   2.8160   3.2516   3.0266
 4.8613   4.6472   3.7926   1.3864
 3.7583   5.4107   4.9823   4.8035
 2.5931   4.1514   4.0855   1.7144
 3.5853   7.0349   6.2958   5.9138
 2.9223   5.0197   5.2944   3.6569
 3.5087   6.1695   3.7045   2.2065
 2.9065   4.1279   3.3225   2.5245
 3.5437   4.4179   5.2651   2.8651
 2.8382   3.6980   2.9269   1.7034
 0.8169   3.8682   2.4394   2.9572
 4.0041   4.5176   4.0563   4.1851
 3.4654   5.4367   5.0027   3.6006
 3.3144   4.1332   4.3636   1.6258
 3.0349   5.6547   4.6438   4.1115
 2.8359   3.9675   3.8188   2.5524
 3.0861   5.5709   3.3359   2.5427
 3.0375   5.1524   3.8833   1.6931
 3.9489   6.1382   3.4510   2.5164
 3.5818   3.7450   4.3164   1.4535
 2.7578   4.7208   3.5176   2.9136
 3.3923   4.5250   3.9056   3.5798
 2.5184   5.6925   4.3097   2.1233
 2.8027   5.4570   4.8309   3.9740
 1.8474   5.0935   4.2788   2.9280
 2.5162   3.5536   4.7382   1.8141
 2.4482   2.3004   2.5729   0.8577
 4.3417   4.8959   5.6688   5.2397
 2.5185   6.5857   4.1483   3.6759
 2.8600   4.8977   4.1614   3.0474
 1.9089   5.0153   1.6907   2.4054
 2.6693   3.8279   4.4070   2.8631
 2.6449   8.1102   3.0616   3.5915
 2.6864   3.9519   3.3687   1.9697
 2.1003   5.7533   3.9103   3.3417
 3.3437   4.0030   4.6547   2.9998
 3.6109   4.2866   3.6722   3.0627
 2.2543   4.7695   3.2488   2.1160
 4.2905   6.1326   4.9089   4.1897
 2.4647   5.4628   2.8259   1.9998
 2.1981   4.0253   3.4856   2.5701
 2.3950   5.9996   4.8813   3.9629
 3.3958   5.3793   3.2057   2.5557
 1.5526   5.8084   3.6499   3.9760
 2.2195   6.5218   2.4820   3.3620
 2.5787   4.8698   2.9121   1.9532
 4.0708   6.3022   5.8906   5.0760
 1.2839   2.8008   1.7179   0.5991
 2.8160   7.2196   5.0404   2.5412
 2.6121   4.9385   3.7290   2.4647
 3.9327   4.1667   5.7161   3.0941
 1.9198   4.9244   4.0008   2.0874
 2.6323   5.8119   4.4205   2.7361
 3.4634   6.1421   4.0094   2.7416
 4.1102   5.5486   4.9346   3.5627
 4.3344   5.4834   5.1288   3.7121
 3.6127   4.5089   4.5784   3.1074
 2.3344   4.1823   3.8422   3.0494
 2.3966   5.1843   1.9778   1.8093
 1.7442   6.0424   1.6314   1.0892
 4.6510   5.8085   6.2522   3.4232
 1.9078   6.6131   3.7516   4.0124
 2.9770   3.7270   3.2835   2.9211
 2.5904   5.0887   4.2403   2.2946
 4.3193   4.7801   4.5235   2.3893
 4.2708   6.4410   5.5176   3.7570
 3.4359   4.1036   3.5292   3.4123
 2.6408   3.9351   4.9124   4.0352
 4.0639   8.1508   6.3077   4.9543
 3.5199   6.1016   3.0467   1.8454
    
    
